0 0.725228 0.480273 0.042664 0.095870
1 0.289370 0.574370 0.016157 0.020989
1 0.266549 0.561323 0.014137 0.017586
1 0.250190 0.558203 0.012926 0.014749
1 0.256047 0.579192 0.013329 0.020422
1 0.278060 0.593658 0.027467 0.031200
1 0.260288 0.613229 0.015349 0.049921
1 0.244939 0.624858 0.018580 0.031200
1 0.233831 0.567563 0.010906 0.013047
1 0.241909 0.595076 0.013329 0.020422
1 0.229792 0.603585 0.014137 0.012480
1 0.224339 0.614080 0.013733 0.009644
1 0.236254 0.644713 0.016561 0.020989
1 0.218886 0.670241 0.012522 0.014182
1 0.207172 0.622873 0.014137 0.014749
1 0.194246 0.715056 0.016561 0.020989
1 0.207374 0.653506 0.018580 0.034037
1 0.218078 0.636204 0.010906 0.034604