1 0.220829 0.435718 0.018846 0.030728
1 0.244543 0.300442 0.026549 0.039823
1 0.299705 0.262832 0.037758 0.051327
1 0.304130 0.297788 0.025369 0.053982
1 0.346313 0.286726 0.033038 0.053097
1 0.285251 0.374779 0.023009 0.038053
1 0.344248 0.364159 0.030088 0.039823
1 0.390560 0.295133 0.024779 0.048673
1 0.417109 0.293363 0.034218 0.057522
1 0.453097 0.306195 0.034218 0.053097
1 0.429499 0.329204 0.029499 0.051327
1 0.450147 0.359735 0.036578 0.052212
1 0.386726 0.382743 0.027729 0.048673
1 0.344248 0.475221 0.032448 0.051327
1 0.389676 0.493805 0.031268 0.037168
1 0.439823 0.439381 0.024189 0.043363
1 0.490560 0.307080 0.024189 0.056637
1 0.511799 0.318142 0.028909 0.039823
1 0.522714 0.357080 0.023599 0.046903
1 0.555162 0.336283 0.034218 0.056637
1 0.578466 0.345133 0.025369 0.049558
1 0.607080 0.342920 0.028319 0.050442
1 0.519764 0.471239 0.025959 0.039823
1 0.569322 0.518142 0.034218 0.039823
1 0.593805 0.454425 0.026549 0.041593
1 0.627434 0.385841 0.033628 0.046018
1 0.697640 0.358407 0.025369 0.047788
1 0.707375 0.387611 0.033038 0.046018
1 0.755457 0.362832 0.028909 0.046018
1 0.781416 0.492920 0.044248 0.063717
1 0.674336 0.476991 0.036578 0.058407
1 0.643363 0.450442 0.032448 0.044248