1 0.558808 0.179260 0.017206 0.023826
1 0.571712 0.203086 0.016753 0.021557
1 0.556770 0.213297 0.015848 0.015884
1 0.566958 0.222373 0.014489 0.017018
1 0.590050 0.218403 0.015395 0.021557
1 0.590956 0.242512 0.013584 0.025528
1 0.571486 0.247901 0.010867 0.019287
1 0.531414 0.202519 0.014942 0.020422
1 0.529150 0.221806 0.013131 0.021557
1 0.512623 0.196846 0.017206 0.023826
1 0.507416 0.218403 0.020376 0.020422
1 0.522585 0.241661 0.014489 0.018153
1 0.566732 0.273996 0.014036 0.017018
1 0.586654 0.277967 0.014036 0.018153
1 0.578278 0.315124 0.019923 0.022124
1 0.538432 0.289029 0.019923 0.018720
1 0.511265 0.261516 0.019017 0.021557
1 0.485003 0.249319 0.018112 0.019855
1 0.466665 0.257545 0.015848 0.017018
1 0.462590 0.283923 0.021281 0.025528
1 0.512397 0.283072 0.014942 0.019287
1 0.537753 0.335262 0.017659 0.020422
1 0.518736 0.342353 0.013131 0.023258
1 0.507416 0.311153 0.016753 0.020989
1 0.465533 0.323633 0.017206 0.017586
1 0.439724 0.308316 0.024451 0.017586
1 0.446742 0.322782 0.009509 0.015884
1 0.491116 0.351430 0.014036 0.019855
1 0.540696 0.390572 0.011773 0.019855
1 0.453534 0.384048 0.021281 0.020422
1 0.428857 0.364477 0.015395 0.019855
1 0.397162 0.475380 0.023545 0.027229