1 0.641642 0.842756 0.141197 0.028679
1 0.628861 0.771878 0.130242 0.031137
1 0.634339 0.710833 0.126591 0.027040
1 0.632513 0.671911 0.115636 0.037693
1 0.621558 0.615372 0.127808 0.040970
1 0.626427 0.564979 0.139980 0.031957
1 0.623992 0.522779 0.120505 0.022943
1 0.626427 0.474844 0.122939 0.035234
1 0.606951 0.419944 0.076685 0.049984
1 0.619124 0.367502 0.091291 0.043428
1 0.627644 0.315880 0.088857 0.040151
1 0.625818 0.261799 0.092509 0.033596
1 0.630078 0.213864 0.083988 0.039331
1 0.606951 0.158145 0.045037 0.032776
1 0.603908 0.088496 0.038951 0.031137
1 0.614863 0.015978 0.036517 0.017207