0 0.475711 0.902666 0.045625 0.098408
0 0.500537 0.870907 0.020129 0.058150
0 0.447531 0.827071 0.040258 0.043836
0 0.638755 0.812310 0.020129 0.051888
0 0.605542 0.802022 0.030193 0.038468
0 0.692767 0.954911 0.063741 0.090177
0 0.720947 0.862408 0.044954 0.059045
0 0.690083 0.796207 0.036903 0.062623
0 0.711218 0.731347 0.041600 0.050993
0 0.752483 0.738057 0.035561 0.051888
0 0.807166 0.814099 0.063070 0.073358
0 0.814882 0.703167 0.051664 0.059045
0 0.967324 0.696010 0.065352 0.080515
0 0.788043 0.637860 0.036903 0.051888
0 0.810185 0.585972 0.046296 0.032206
0 0.863191 0.589998 0.059716 0.042047
0 0.867217 0.632045 0.067767 0.043836
0 0.872920 0.516193 0.064412 0.039363
0 0.918545 0.384684 0.057703 0.075148
0 0.839372 0.321614 0.061728 0.031312
0 0.912507 0.262122 0.065754 0.059045
0 0.844740 0.144033 0.038916 0.084094
0 0.801463 0.079621 0.058374 0.048309
0 0.345370 0.115226 0.064815 0.120165
0 0.367959 0.718236 0.066551 0.057870
0 0.345775 0.836548 0.137924 0.158179
0 0.273920 0.535622 0.046296 0.147891
0 0.251254 0.475823 0.043403 0.141461
0 0.270544 0.342078 0.041474 0.095165
0 0.305266 0.142747 0.066551 0.048868